  type t_2d_a is array(0 to 127, 0 to 127) of integer range 0 to 255;
  constant input_key : t_2d_a :=
  ((    0,    95,    88,   174,     5,   177,   192,     5,     0,     0,    70,    57,   238,   190,     0,   109,   135,   166,   123,   174,    42,     8,   171,     1,   213,     0,   142,   131,     0,   184,    80,    98,   124,   139,   146,    47,   220,     0,   129,   198,    63,    36,   117,   219,    38,   198,   212,   184,    29,   123,   248,   192,   224,   172,     7,   130,     7,    68,    97,   198,    77,    49,   175,   202,     8,    39,   240,   185,   126,   131,    33,    62,   150,    96,   248,   102,   105,   245,    74,    25,   138,    55,    27,   160,    11,   128,   162,   111,    15,    39,   242,    41,   212,   139,   225,    48,   173,   205,   179,   153,    89,    87,    49,     0,   181,   208,   137,   157,    92,   234,     0,   113,     0,   113,    56,   170,   248,   249,    47,   210,   114,    46,   127,   207,    57,    33,   139,   214),
   (   95,     0,   207,    13,     0,   114,   174,     0,   211,   179,    28,    86,   198,    51,     2,     0,   188,    27,   106,   137,   146,    17,    45,   126,   213,    60,   217,     0,   203,    55,   125,   202,   209,   251,    48,   171,    95,    57,   101,   214,   155,    57,    82,   173,   169,     0,   170,    64,    42,   135,     0,    29,   234,    83,   165,   127,   237,    43,     0,    35,   113,   253,    48,    53,    53,     0,   239,     3,    64,    90,    40,    30,   244,    37,    24,   105,     0,   213,   200,   182,   103,   234,     0,   232,   214,    43,   193,   118,    51,   235,    70,   110,    62,    51,    13,    36,    90,    46,   190,    38,   104,   152,   100,   248,   143,   236,   243,   137,    71,   191,    90,   191,   228,   174,    83,   163,    45,     1,     2,   166,    35,   250,    99,   137,    86,    32,   214,   240),
   (   88,   207,     0,   192,   167,   113,   142,     3,   237,   128,    26,    93,   104,   121,    15,     7,    44,   103,    42,   186,   118,   145,    99,   253,    23,   208,   178,    18,    99,   166,   202,   248,     2,   170,    59,   140,   220,   212,    93,     3,    77,   142,    46,   186,     0,   230,    24,    48,   232,   205,    70,   239,   118,    29,   140,   175,   165,    43,   249,   196,   250,     4,    52,    73,   179,    63,   187,    18,    37,    36,     0,    82,    46,   136,   197,   124,   196,    89,   181,     0,    75,   178,    14,   216,   244,    83,   150,   131,   114,   206,     0,   150,   218,     0,   200,     0,   251,   111,   195,   247,     0,    49,   209,   140,   189,   156,    88,    51,   132,     0,   232,    23,    68,   194,   252,    56,   193,   122,     0,    54,   169,    62,   218,   172,    70,    11,   137,    97),
   (  174,    13,   192,     0,     0,    82,    76,    73,   185,   233,   138,    41,   195,   168,   139,   170,    25,   137,   181,    49,    53,   209,    75,   116,     1,   103,   110,    87,   141,   201,   239,    81,   246,     0,   230,   119,   166,     0,    75,   204,    25,   213,    78,    75,   122,    68,    38,     0,    33,   249,   231,    76,   157,    41,   204,   214,   213,   121,   141,    42,    75,    67,     0,   229,   183,    16,   157,   184,   113,   122,    80,   131,   177,     0,    62,   190,     3,    38,    63,   147,     0,   125,   199,   182,   107,   241,   159,    77,   179,     0,   155,   135,    18,     0,   197,   135,    88,   149,    40,   188,    31,   153,    72,   131,   131,     0,   247,    43,   114,   218,    88,    15,   138,   160,   145,   125,   143,    41,   246,    76,   113,   152,    43,   160,    72,   169,    48,   105),
   (    5,     0,   167,     0,     0,   109,   199,   225,    67,   201,   153,   175,   156,   246,   183,   196,     0,    47,   165,    34,    25,    80,     5,    77,   253,   197,    94,   220,    57,   156,    61,    39,    60,    37,   248,   183,    15,    86,   117,    68,   207,    77,    25,    71,   109,     0,   146,   149,    25,   210,   253,   102,     4,   110,   233,     1,    68,   181,   117,   168,    88,   164,   248,   129,   192,   175,   142,   122,    70,     0,   147,   161,   111,   146,   203,    51,   142,    46,     0,     0,    19,   240,   238,   104,     0,   194,    23,   232,   215,     6,   180,   197,     0,   134,   207,   179,     0,   186,   132,   166,   233,     0,   223,   244,     0,    83,   199,   228,   125,   194,   222,   158,    80,    68,    76,     0,   237,    61,   196,   215,   111,   148,    44,    73,     0,   101,     0,   254),
   (  177,   114,   113,    82,   109,     0,    17,   110,   248,    33,    13,   130,    70,     3,   194,    95,   210,   101,   232,    71,     0,   184,    91,   133,   229,    88,    52,   161,   191,     0,   162,   159,   242,     0,    66,    64,    63,   213,   218,   147,   198,   105,    44,    17,   204,    64,   114,   211,    69,    49,   137,   156,   236,   181,     0,   161,    30,     0,   172,   127,   184,    66,   125,    91,     0,    33,    72,    21,   250,   175,    79,   197,     0,   228,   250,   217,    51,   167,    95,    18,   226,    28,   117,    15,     0,   196,   112,   246,   127,   105,   139,   214,    97,   216,     0,   190,    93,     0,     0,    36,   178,   143,    25,   116,   226,   136,   206,   229,   227,   229,    69,    86,    29,   111,   133,   167,    86,   122,    74,   122,   206,    53,   190,   146,     0,     7,   255,     0),
   (  192,   174,   142,    76,   199,    17,     0,     0,   244,   172,     0,    50,    95,    21,   211,   174,    96,    98,   187,    42,   169,    23,    62,   212,   114,   100,    16,    28,   190,    39,   145,   218,    69,    60,   183,     0,    60,   211,     0,    98,   197,   108,   132,     9,   147,     0,   166,     5,    81,   230,    18,   184,    55,   199,   131,   167,   183,   143,   173,     0,   173,    33,   117,    15,    13,   248,   201,   168,    29,     0,     0,   131,    97,   193,    83,     5,   184,   247,    35,   183,   233,   134,   132,     0,    80,     2,   228,   161,     0,   235,    16,   214,     6,   148,   219,    31,   168,    45,   223,   190,   201,    92,   134,   245,    33,   238,   225,   188,   186,   189,     0,     0,   164,    32,    34,   125,     0,   183,   191,    45,   182,    40,    79,   141,     3,   253,   212,   192),
   (    5,     0,     3,    73,   225,   110,     0,     0,   177,   201,   131,   142,   181,   154,     0,     0,   177,   132,   234,    57,    78,   132,    11,     0,    71,    79,   108,     1,   204,   136,   145,     5,   232,    19,    31,    55,    42,   137,     0,    80,    75,   202,     0,   206,   193,   253,   169,    11,    30,   231,    70,     4,     0,    51,     2,   129,   235,    70,    39,    88,     0,   243,    97,     7,   153,   191,   101,    47,   219,     0,    57,   156,   106,   205,    54,    56,    76,   140,   215,   182,   155,   105,   251,   105,    30,   112,   252,     0,     0,   159,     0,   182,   208,     2,    52,   192,   193,    43,    46,   107,    62,    99,    50,   174,    19,   216,   164,   117,   118,   219,     0,    10,   214,    26,    21,    81,    66,    91,    95,    67,   202,     0,   127,   141,   249,   182,   132,    61),
   (    0,   211,   237,   185,    67,   248,   244,   177,     0,   198,    42,    71,   199,   139,   205,   100,    84,    68,   171,   146,   151,     0,    95,   147,    62,   100,   109,   251,   255,    47,    21,   232,   250,     0,    22,   137,   171,    51,   122,    66,   142,    52,    82,   186,   132,   201,   223,    91,     0,   201,   150,     0,   236,   252,   179,   216,   163,    57,   191,   134,     0,   223,   197,   186,   123,   133,   113,   157,    58,    65,    66,   232,   105,   104,   177,    70,     0,    47,   183,    10,   139,     0,    57,   137,   155,   150,   189,   224,   208,   112,    86,   107,   199,    26,    48,   151,     9,    90,   209,   113,     0,    81,   135,   108,    86,     0,   233,    54,     0,    29,    52,   242,   159,   139,    17,   217,    24,   110,    36,   167,   126,   138,    72,   232,   102,   223,    59,    80),
   (    0,   179,   128,   233,   201,    33,   172,   201,   198,     0,    89,   150,    79,     0,    90,    52,   158,   162,    57,     0,   148,     0,   248,     0,    66,    73,   166,   225,    79,   152,   233,     0,    92,    66,     0,    48,     0,   142,    24,     0,   219,   135,   240,   214,   219,   107,   103,   217,   252,   236,   159,    94,   146,    44,   169,    25,    48,    96,   109,   158,    95,    14,   196,    92,    77,    43,   178,   247,   123,   159,   172,   104,   160,     0,   162,   101,   188,    95,    23,     0,   113,   241,   231,   128,    27,   253,   189,   176,    11,   127,    13,    63,    53,    41,    72,   115,   104,   153,    95,   169,   246,   134,    52,   159,    88,     0,    31,   188,     0,   214,    16,   123,   117,    33,    88,   244,   121,   167,    27,    24,    46,    16,   132,    19,   120,   153,    25,   249),
   (   70,    28,    26,   138,   153,    13,     0,   131,    42,    89,     0,    13,    78,   205,   238,   125,    60,    36,   200,   143,    64,    33,    85,   121,    15,   139,    36,   144,   133,     0,   135,     0,   208,    28,   117,    70,   110,   247,    81,    94,   191,   252,   233,   148,   159,     0,   107,    34,    15,    67,   157,   149,     0,    43,   245,     0,   131,   195,     0,    43,   143,    62,    27,   157,   142,   255,    46,   248,   251,    61,   197,    25,   141,    18,   253,   142,    19,   121,    68,   176,    15,     3,    76,     0,    91,   114,    96,     5,   154,    64,    51,    61,   150,    32,    93,   162,   172,   230,   110,   136,    58,    98,     0,   242,    70,    94,     7,     0,    93,   197,     0,   122,    24,   168,   156,    94,   248,   137,   190,   116,   146,    97,   120,     0,    48,    34,    54,     0),
   (   57,    86,    93,    41,   175,   130,    50,   142,    71,   150,    13,     0,    67,   234,   107,   133,   103,   209,    81,     0,   194,   129,    34,   195,    48,   215,    93,     3,   135,   201,   167,    71,     1,   156,   184,   153,   189,    70,    54,   199,     0,   202,   105,    25,   206,    89,    57,     0,   130,   152,    25,     0,   181,   111,   252,     0,    74,   222,   159,   199,    92,   244,    50,   244,   145,    20,   153,     7,    26,   133,   177,    51,   152,   125,   135,     0,   201,   206,    68,   132,    64,   204,   162,   143,   178,   111,   185,   227,   146,    65,    75,   187,   152,   194,    73,   126,   173,    72,   252,   180,   185,   201,   132,    39,   207,   221,   175,   255,     0,    52,   133,   107,    96,   130,   111,   178,   187,    99,   122,    50,    43,   216,    20,   229,     1,   146,   173,   195),
   (  238,   198,   104,   195,   156,    70,    95,   181,   199,    79,    78,    67,     0,    90,    75,    43,    35,   148,     0,   179,    50,   245,   133,   156,    66,   109,    49,   154,    66,   100,   231,    47,   141,    21,    40,     9,    13,   225,   116,    93,   145,   155,   247,   214,     8,   158,     0,    90,    50,   162,    59,   190,   129,    73,   137,    88,    60,   107,   170,     0,     0,   163,    59,   104,    46,    97,   135,    95,     0,    87,   177,    85,    15,    52,   204,   155,   237,    63,   102,    72,   176,   140,   227,    53,     0,   151,    46,   177,    27,   181,   115,    25,   138,   123,    57,    16,   190,    36,   213,    58,    99,   106,    65,   153,   209,   196,   146,   253,   147,   168,    69,     2,   136,   161,   254,   141,   161,    27,   224,     0,   219,     0,   213,   103,    97,    60,     0,     0),
   (  190,    51,   121,   168,   246,     3,    21,   154,   139,     0,   205,   234,    90,     0,    87,     0,   142,   204,    58,   172,   121,   183,    67,   252,    82,   158,   239,   177,   119,    74,   188,   158,   139,     0,    76,    91,   211,   173,   240,    13,    70,   182,   195,     0,    98,   121,     5,   117,   134,   159,   143,    73,    69,    61,    25,   162,   130,    63,    23,   133,   118,   175,   115,   208,   204,    84,     0,   223,   251,    34,   186,   171,     0,   164,   110,   100,     0,   253,   192,     2,    94,   176,     0,   114,    56,   225,     0,    88,    72,     0,   208,    78,   248,    99,   175,    33,   204,   190,   130,    97,   100,   244,    43,   107,    93,   171,   109,   156,   193,   137,    24,     0,   197,     2,   252,    25,    47,   187,   128,    54,   147,   103,   100,   165,   156,   214,    72,    33),
   (    0,     2,    15,   139,   183,   194,   211,     0,   205,    90,   238,   107,    75,    87,     0,   213,   238,    65,   132,   229,   131,   177,   152,    78,   183,   118,    26,    87,   158,    96,    24,    39,   204,    83,     0,   123,   156,    24,    90,   234,   209,     0,    93,   104,    22,    47,   246,   189,   236,   149,   237,   224,     0,    32,   111,   254,   228,   152,   196,    60,   125,    96,    98,    93,    36,   239,    76,   159,   110,   203,   140,    37,    58,   108,     0,    62,   198,    52,   250,    25,    31,    71,     0,   228,   134,    33,   190,   167,    19,   188,   177,    41,     1,   153,     0,     4,   235,   151,   200,     0,    79,   145,    29,   186,   231,   164,   247,   151,    19,   159,    19,    46,    37,    97,    19,    91,   214,   199,   130,    14,    20,   156,    11,   186,    38,     0,    95,   125),
   (  109,     0,     7,   170,   196,    95,   174,     0,   100,    52,   125,   133,    43,     0,   213,     0,    17,   135,    56,   214,    42,    37,    13,    60,   144,   140,    83,   157,   219,   210,   112,   168,    62,    47,   211,   185,   244,   231,   130,    66,   151,   168,     0,   149,   200,   210,   184,   178,    94,   141,    83,   100,   209,   155,   100,    48,   110,    16,   184,   164,   187,   201,   129,   146,   233,    17,    50,    23,   235,    42,    94,   150,   141,   174,    79,     0,   214,   114,   234,   136,    93,    30,    59,   206,    46,   232,   147,    24,   171,    56,   236,    32,     9,   199,   144,   218,   163,   236,   209,    60,   101,   153,    75,    86,   151,   202,   172,   126,     8,    57,   192,    66,    54,    34,   227,     0,   243,    65,    85,   232,   235,   108,     0,   206,   194,     0,    56,   130),
   (  135,   188,    44,    25,     0,   210,    96,   177,    84,   158,    60,   103,    35,   142,   238,    17,     0,   252,   193,    34,   180,   114,   220,    44,   115,   118,   191,    64,   115,    63,   201,   100,   145,   102,   103,   194,   166,     0,   202,   226,   198,     0,   101,    82,    51,   183,    79,    18,   162,   137,    98,   157,    80,    63,    92,   168,     0,    52,   174,   102,   167,   160,    94,   221,   179,    41,    22,   230,    49,   112,   122,   113,    40,   119,     0,   158,   168,    25,   126,    91,     0,   212,   174,    47,    65,   254,   146,   138,   133,    12,   211,   113,   216,   220,   137,   254,    18,   210,   208,   237,    46,   188,   136,     0,   233,    38,    72,    39,    83,   202,    62,    51,   182,     0,    15,   234,   179,   217,   252,   145,   131,   175,    44,     1,   137,   169,     0,   134),
   (  166,    27,   103,   137,    47,   101,    98,   132,    68,   162,    36,   209,   148,   204,    65,   135,   252,     0,   177,   157,   166,   115,   236,   134,   103,    91,   215,   182,     0,   191,    82,    11,   213,   192,    25,   141,   221,   200,   155,   237,   222,   152,     0,   223,   120,   193,   210,    44,     0,    94,   112,    96,   197,   157,    27,   177,    52,   222,    34,   164,   180,    60,   124,    68,    11,    41,    78,   138,     2,    99,    86,   106,   102,   122,   179,     0,   233,    92,     0,    22,     5,   127,   153,     0,   105,   254,     0,   202,   111,   179,   132,   224,   105,   119,     4,   124,   210,   175,    52,    11,   143,   202,    87,    99,    47,   184,   141,   170,    22,    87,   214,   225,    62,    69,    83,   211,    27,   167,    75,    86,   108,    70,   151,     0,   131,   110,    52,   162),
   (  123,   106,    42,   181,   165,   232,   187,   234,   171,    57,   200,    81,     0,    58,   132,    56,   193,   177,     0,   168,    96,     7,   193,   103,   108,   196,    54,    39,   135,     0,   123,   162,    77,   180,    56,    19,   148,    14,    82,    78,    59,   101,    10,     0,   186,   210,    96,     0,     0,     0,   167,   168,   187,     1,    65,   206,     0,     5,    33,     0,    90,    10,   187,   250,   173,   254,    77,   122,     1,   165,   192,   238,   213,   175,   111,   241,     0,    39,   243,     0,   252,    48,   165,    62,    53,     0,   179,     0,   105,    24,   229,   174,    24,    94,    13,   189,    10,     0,    46,    14,   213,   249,    39,     0,    24,   197,     8,   189,   103,   234,   255,   159,     8,   185,     0,    35,   136,    40,    32,    70,    18,   211,   242,   165,    24,     0,   152,    72),
   (  174,   137,   186,    49,    34,    71,    42,    57,   146,     0,   143,     0,   179,   172,   229,   214,    34,   157,   168,     0,    23,    18,   168,    97,     0,    97,    98,     0,    95,    70,    66,   181,   104,     6,    95,   242,   106,   129,     0,    19,    26,    71,    22,   182,    72,    15,    37,    83,    24,    84,   137,     1,    21,   131,   179,    67,   166,   149,    58,   180,   235,    78,     0,    48,    27,    85,   126,    30,   173,   150,     2,    50,   110,   183,   110,   249,   173,    95,   227,    63,    32,   195,   211,   124,    65,    62,    63,   218,   180,    13,   248,    93,   209,   178,     0,     0,    14,   110,   141,    96,    73,    54,   150,   173,   242,    95,    44,    64,   112,     0,   248,    27,     0,    46,   254,   103,     5,    47,   102,   109,   137,   157,    45,   195,    67,     6,    64,   253),
   (   42,   146,   118,    53,    25,     0,   169,    78,   151,   148,    64,   194,    50,   121,   131,    42,   180,   166,    96,    23,     0,   190,   146,   181,   130,   213,   176,   253,   216,   218,   234,   153,   252,   120,   202,   161,   245,    78,    81,    65,   225,   212,    86,     0,   152,   231,   123,    76,     0,    89,    59,     0,    21,     0,   230,   106,     3,    74,   152,   205,    11,   205,   221,   222,   169,   161,    59,    99,   111,     0,     1,    26,   193,     6,   158,     4,   235,   203,     0,   121,    83,    75,    61,    52,   217,     0,   196,   103,   245,    87,   214,   247,   175,   141,     0,   207,   229,    66,    61,   160,   156,   249,     3,   130,   187,   245,    84,   130,    20,   208,    24,   238,   128,    47,    42,    87,     0,   105,   104,   236,     0,    55,    95,    69,   249,     0,   122,   107),
   (    8,    17,   145,   209,    80,   184,    23,   132,     0,     0,    33,   129,   245,   183,   177,    37,   114,   115,     7,    18,   190,     0,   141,   219,    34,    10,   172,     0,   245,   229,   119,   191,   145,   159,   104,     0,   114,   243,   221,   143,    66,     0,   251,   157,   108,   143,     2,   178,    23,   209,   166,   123,    43,   124,   247,    86,     0,   244,    55,    49,   119,     0,    54,    24,    60,   162,    44,   239,   175,   166,   246,     0,     0,   226,   148,   172,   105,    16,   104,    61,    27,    51,   227,    40,   134,    43,    70,   224,   189,   248,   232,    39,    18,   124,    35,    57,   166,   176,    54,    53,     0,    98,   180,   245,     5,    18,   154,   169,   166,   202,     0,    65,    95,   147,     3,   112,   218,   222,     0,   160,     8,   145,    85,    36,     0,   119,   149,   213),
   (  171,    45,    99,    75,     5,    91,    62,    11,    95,   248,    85,    34,   133,    67,   152,    13,   220,   236,   193,   168,   146,   141,     0,   143,   252,   251,   197,   147,   191,   255,     0,   179,   192,   239,   219,    32,     0,   107,   159,   196,     0,    63,   223,   194,    63,    83,   166,    19,   235,   215,    17,    40,    48,     6,   140,   242,    43,   129,    45,    34,    67,    32,    52,   150,   236,    56,   168,    37,   188,    84,   114,    81,     0,   158,   103,   185,   184,   176,   105,   142,   138,   239,     8,   220,   161,    46,   159,    57,   245,   190,   109,    60,   173,    13,   242,   211,    18,   177,    59,    61,     0,   217,   114,    35,   223,   159,    66,   228,     0,    29,   107,    69,    24,   119,   225,   184,   111,   101,   121,   111,   175,   169,     0,   132,   205,     0,   101,   212),
   (    1,   126,   253,   116,    77,   133,   212,     0,   147,     0,   121,   195,   156,   252,    78,    60,    44,   134,   103,    97,   181,   219,   143,     0,   125,   241,    56,    63,   121,   128,     9,    24,    44,    35,    75,    50,   117,   169,    90,    91,   109,   149,    52,    93,   120,     2,    17,   108,    19,   202,   198,   186,   105,    86,   237,     0,    29,    90,   213,   167,    92,    51,     0,    32,   152,    98,   249,    48,   144,   119,    56,   253,   122,    59,   113,     0,    63,   230,   178,   167,   145,   229,   234,   152,   105,   252,   226,    46,   143,   174,    99,   227,   117,   196,   248,   148,    62,    76,    27,    89,     0,    91,   249,    27,   195,    59,    61,   235,   236,    31,     0,   145,   150,   158,    44,   148,    74,     0,   136,    73,   200,   142,   137,    83,   207,   158,     0,   216),
   (  213,   213,    23,     1,   253,   229,   114,    71,    62,    66,    15,    48,    66,    82,   183,   144,   115,   103,   108,     0,   130,    34,   252,   125,     0,   236,    28,   166,   142,     8,   181,     0,   160,    71,    13,   208,   153,    16,    56,   224,    52,    58,    43,   113,   105,    57,    59,     9,    27,     0,   201,   125,   171,   235,   211,   115,     0,    33,    44,    73,   205,   232,    98,   204,   142,   246,   206,    24,   243,    69,   136,   194,    37,   255,   229,   208,     0,   212,    77,    85,   124,    96,    86,    53,    93,   253,    72,   149,   243,   111,   155,     0,   103,    69,   171,   227,   177,   110,     8,     0,   207,    67,   227,   165,    21,    58,    54,   166,    31,    16,    22,    13,   129,    33,    27,   139,    33,   132,    22,   215,   107,     0,     5,    85,   210,   107,    99,   252),
   (    0,    60,   208,   103,   197,    88,   100,    79,   100,    73,   139,   215,   109,   158,   118,   140,   118,    91,   196,    97,   213,    10,   251,   241,   236,     0,    68,    18,   209,    89,   198,   195,     0,   128,   105,   186,   179,   185,   123,   112,     0,   240,   250,    79,   253,   151,   160,    63,   147,   175,   184,   234,    42,   226,    26,    16,    30,    54,   180,     0,    72,    16,    94,   160,    35,   153,   234,     0,   157,    78,   243,    81,    62,   236,   180,   101,     6,     0,    16,    94,    59,   169,    16,    58,   236,   234,    29,   209,   120,    95,   207,   227,     0,   184,   174,    93,   128,   252,   150,   160,   138,    32,    20,   240,   193,   237,     0,   251,   254,   177,     0,     9,   194,   205,   255,   178,   212,    41,   231,   163,     0,   211,   125,   159,   199,    34,    74,   169),
   (  142,   217,   178,   110,    94,    52,    16,   108,   109,   166,    36,    93,    49,   239,    26,    83,   191,   215,    54,    98,   176,   172,   197,    56,    28,    68,     0,    80,   145,   176,    62,     0,   245,   239,    87,     0,    21,   151,   230,   193,   101,   194,    94,    79,   180,   174,   186,     6,   127,   212,    89,    67,     0,    81,    86,   124,     0,    92,   151,   232,   225,    25,   167,    63,    30,    80,    77,   231,    20,   160,   252,   243,   232,     0,   213,   182,   170,    22,   243,   100,   223,   128,     0,   254,   100,    48,     0,   102,    29,   238,   197,   235,   235,   146,   227,   241,   215,   154,   146,     0,    79,   100,     0,   217,    98,   148,   100,    42,     0,     0,   148,    46,   248,   231,   111,     0,   135,   214,     0,    38,   113,   233,     0,     0,   174,   174,   231,   231),
   (  131,     0,    18,    87,   220,   161,    28,     1,   251,   225,   144,     3,   154,   177,    87,   157,    64,   182,    39,     0,   253,     0,   147,    63,   166,    18,    80,     0,   107,   155,    35,   230,   121,     0,    73,    42,    43,   195,    55,   241,    64,   211,     2,   209,    96,   140,    70,     0,   123,   207,    73,    18,   240,     0,   182,   141,   191,   111,    10,     0,   144,    86,   235,   119,   166,   140,   209,   203,    95,     5,    60,    41,   187,   148,   241,   212,   119,    69,   193,   163,   165,   135,    32,    53,   132,     0,     0,   142,   235,   170,   195,    20,    93,    16,     0,   199,     0,   211,    91,     6,   151,    59,   131,   240,    34,   211,   223,     8,   164,   114,   139,   238,    16,   187,   203,    71,     0,   210,   124,   195,   239,   240,    97,    14,    59,   113,   244,     0),
   (    0,   203,    99,   141,    57,   191,   190,   204,   255,    79,   133,   135,    66,   119,   158,   219,   115,     0,   135,    95,   216,   245,   191,   121,   142,   209,   145,   107,     0,    77,   147,    32,   216,     0,     7,   249,    28,   251,   179,    83,   186,   221,   218,    43,    67,   105,   233,     0,   249,   237,   196,   179,    61,   100,   130,   218,   154,   243,    75,   178,    71,   240,   185,   226,   159,   138,     0,    42,   174,   246,   152,   233,     0,   197,   242,    47,    40,   137,    10,   136,    24,   236,   205,   169,   138,    63,     0,   192,    12,    53,   157,     0,    33,    29,    35,   196,   251,   139,   113,   144,   150,   254,    16,   146,    82,   183,    77,   252,    81,    74,   136,     1,    29,   105,    77,     0,   192,   115,   104,   191,   225,     0,    20,   243,     0,    52,     5,     0),
   (  184,    55,   166,   201,   156,     0,    39,   136,    47,   152,     0,   201,   100,    74,    96,   210,    63,   191,     0,    70,   218,   229,   255,   128,     8,    89,   176,   155,    77,     0,    41,   103,   138,   132,    33,   248,    57,    73,    85,   211,   151,    84,   145,   214,     0,    32,   103,   240,    92,   123,   154,    27,    35,   170,     0,    83,    58,   219,     5,   220,   110,    25,     0,    71,   157,   211,   251,    80,   194,    11,   133,    12,   161,    71,    44,   157,   152,    97,    52,   180,    94,   149,   161,    30,     4,   153,   244,   202,   101,   215,   186,   195,    39,   230,   134,    43,     0,    29,     0,   179,   254,   190,     0,   238,    84,   232,     0,    71,   239,   203,   162,   133,    93,    25,   217,    62,    70,     7,    53,     0,   162,     3,    55,    74,    12,    27,     0,    99),
   (   80,   125,   202,   239,    61,   162,   145,   145,    21,   233,   135,   167,   231,   188,    24,   112,   201,    82,   123,    66,   234,   119,     0,     9,   181,   198,    62,    35,   147,    41,     0,    28,   109,   170,    16,    51,   119,     0,    41,     0,   149,     0,   165,    97,     1,     0,   105,   186,   233,   151,    14,     1,    54,     0,     0,   136,   134,   184,    31,   123,   115,   115,   154,   237,    28,   134,   169,   141,   221,   191,   249,    85,   124,    61,   238,   156,   107,   153,   134,     7,    83,    96,   137,    77,   158,    26,   225,   113,   199,   126,   170,    95,   181,   239,   123,   153,    61,     0,   102,    36,     0,   239,   158,    22,   160,   116,   249,   217,   214,   254,   200,   197,   106,    93,    78,     0,   196,   144,     0,    70,   139,    77,     9,   136,   117,    39,    72,   165),
   (   98,   202,   248,    81,    39,   159,   218,     5,   232,     0,     0,    71,    47,   158,    39,   168,   100,    11,   162,   181,   153,   191,   179,    24,     0,   195,     0,   230,    32,   103,    28,     0,   162,   229,   129,   178,    94,    31,    29,     6,    99,     0,    28,    47,   126,   174,   209,   206,   234,    48,    14,    62,     0,   160,     0,   149,    44,   138,    72,    28,   167,    70,    68,   195,   204,   235,   100,   218,    71,    56,    32,     4,   232,     7,    50,    88,   129,    24,   192,    76,    68,    10,    37,   108,   219,     0,   250,   151,   139,   204,   241,   186,   100,    83,    89,     0,   253,   233,   228,    26,   145,    61,    33,   180,   228,   167,   146,     0,   188,    84,    37,   191,    37,     2,   249,    67,    61,   224,   103,   100,   102,   119,   115,    43,   117,   178,     0,   191),
   (  124,   209,     2,   246,    60,   242,    69,   232,   250,    92,   208,     1,   141,   139,   204,    62,   145,   213,    77,   104,   252,   145,   192,    44,   160,     0,   245,   121,   216,   138,   109,   162,     0,    14,    12,     0,     0,   255,    27,   247,   234,    34,     0,     0,   146,   162,     9,   217,     4,    64,   192,    34,   207,   170,    13,    19,   142,    40,   136,   107,    84,    57,    19,    24,   227,   207,   116,     0,   253,   150,   238,   253,     2,   171,   249,   119,   235,    75,   226,   144,    63,     0,   138,   164,   204,   138,   243,   198,   195,    88,    45,   108,    45,   191,   168,   209,   100,   214,    82,   203,     8,     0,   108,   116,   160,    87,   127,   125,    91,   172,   144,   198,   197,     0,    17,   140,    25,   249,   211,    64,   191,   208,   197,    28,    23,    72,   246,   245),
   (  139,   251,   170,     0,    37,     0,    60,    19,     0,    66,    28,   156,    21,     0,    83,    47,   102,   192,   180,     6,   120,   159,   239,    35,    71,   128,   239,     0,     0,   132,   170,   229,    14,     0,   163,     7,    83,   172,    56,   159,     0,   245,   155,   212,   124,     0,   174,   187,    70,   178,   213,    91,   205,   146,   154,   203,   109,    26,   106,    87,   216,     3,   163,     6,    56,    93,    67,   177,   229,   213,     0,    17,    80,   107,   176,   222,   245,    67,   243,    70,   127,    30,   180,    11,   170,   103,   211,    73,     0,   191,   249,   112,   170,    60,     0,   167,     8,     0,   233,   135,   171,   101,    93,   139,   121,   159,   129,   104,   204,    31,     0,   153,   238,   211,    41,   175,     0,   230,   113,   106,    60,   201,   104,   155,   117,    39,   176,     0),
   (  146,    48,    59,   230,   248,    66,   183,    31,    22,     0,   117,   184,    40,    76,     0,   211,   103,    25,    56,    95,   202,   104,   219,    75,    13,   105,    87,    73,     7,    33,    16,   129,    12,   163,     0,    52,   152,    77,   187,     0,   173,   179,   181,   128,   245,   168,    45,   137,     7,   253,     0,    11,   131,   176,   187,    86,   230,    16,   138,     0,    97,   188,   210,   138,   142,   183,     0,   105,     3,    98,     4,   109,   252,    77,    85,    31,   205,    44,   131,   194,   104,   149,   248,   125,   137,    72,     0,   147,   173,   211,   211,     0,   229,   191,    76,   207,   146,    13,   123,   207,   238,   227,   222,   129,    80,    61,     7,   210,    51,    32,    28,   244,     0,   164,   104,    96,    64,   205,    86,     0,    20,     0,    74,   139,   152,   157,    57,   151),
   (   47,   171,   140,   119,   183,    64,     0,    55,   137,    48,    70,   153,     9,    91,   123,   185,   194,   141,    19,   242,   161,     0,    32,    50,   208,   186,     0,    42,   249,   248,    51,   178,     0,     7,    52,     0,     0,     0,   116,   235,    32,     0,    38,    74,   114,   133,   153,    16,   134,   119,    46,     0,   184,   219,   105,    46,     8,    47,   113,     4,     2,    96,   228,   244,     0,    53,   177,   158,    48,    47,    55,   254,    33,   250,   154,   113,   168,    83,   118,   170,     0,    91,    78,   253,     7,   127,     8,     0,   109,   183,    70,   158,    43,   104,   183,   158,    82,    12,   141,    98,    68,   154,     0,   232,    42,   141,     0,   234,    75,    68,    68,     0,    46,   173,   237,   236,   251,     0,     0,    81,   131,   238,   231,   193,   234,   119,    79,    96),
   (  220,    95,   220,   166,    15,    63,    60,    42,   171,     0,   110,   189,    13,   211,   156,   244,   166,   221,   148,   106,   245,   114,     0,   117,   153,   179,    21,    43,    28,    57,   119,    94,     0,    83,   152,     0,     0,   121,    65,   109,   181,    61,    28,     2,   215,   178,    73,   255,    26,   181,   246,   241,    39,    34,   226,   209,   132,   202,   199,   157,   249,   225,   241,   144,   200,   235,   198,    67,   197,   210,   196,    65,    50,   124,   176,     0,    62,    58,    23,   109,   207,   166,   116,   144,   206,   187,   163,   247,   148,   166,   200,   156,    31,   180,     8,   142,   149,   106,   228,    56,    80,     0,    34,     9,     4,    84,    98,   211,    46,    81,   253,   244,    56,     1,   203,   100,    32,     0,     0,   219,   110,   154,   167,   248,   254,    98,   152,     6),
   (    0,    57,   212,     0,    86,   213,   211,   137,    51,   142,   247,    70,   225,   173,    24,   231,     0,   200,    14,   129,    78,   243,   107,   169,    16,   185,   151,   195,   251,    73,     0,    31,   255,   172,    77,     0,   121,     0,   154,   116,    21,     2,   245,   211,    42,    23,   106,    75,    43,     8,   171,    38,   110,    64,    80,    67,    91,   159,     0,   197,    72,    23,   191,    60,    40,   199,     0,   249,    41,   151,    37,   119,    96,     5,   122,     3,    60,    12,   159,   233,    82,   140,   115,   232,   103,   185,    19,    27,    81,     0,   251,    36,    36,     0,    15,   148,   141,   134,     0,   206,   209,   192,   141,   237,   247,   131,   109,   250,    65,   224,   140,   174,    88,   120,   214,    75,   145,   139,   143,     0,    95,   248,   168,    19,   205,   181,    98,   219),
   (  129,   101,    93,    75,   117,   218,     0,     0,   122,    24,    81,    54,   116,   240,    90,   130,   202,   155,    82,     0,    81,   221,   159,    90,    56,   123,   230,    55,   179,    85,    41,    29,    27,    56,   187,   116,    65,   154,     0,   159,    26,   238,     0,   248,    94,    38,    73,    68,    13,    29,    78,   235,   232,   188,   175,   186,    17,   165,   235,     0,   211,    31,   248,    75,   127,   230,   198,   231,    70,   156,   201,   132,   197,   255,   218,   221,    33,   199,   139,   129,   230,     7,    50,   199,    12,   178,   121,   152,    38,   110,   252,    37,   213,    22,   126,   140,   236,     3,    72,   221,   135,   198,    33,   115,   122,   234,   255,   238,   148,   103,   135,     5,   239,   174,    65,    76,    74,   130,    45,   157,    62,    29,    74,    86,     0,   246,   169,   169),
   (  198,   214,     3,   204,    68,   147,    98,    80,    66,     0,    94,   199,    93,    13,   234,    66,   226,   237,    78,    19,    65,   143,   196,    91,   224,   112,   193,   241,    83,   211,     0,     6,   247,   159,     0,   235,   109,   116,   159,     0,   148,   117,     0,   204,     0,   116,   130,    19,   124,     0,   224,    29,    25,   147,   191,    50,     0,   225,   203,   205,    92,   149,   250,   114,   160,   172,   226,     0,    31,    72,   153,   232,    94,   236,    60,   133,    45,   166,   236,   151,   180,   141,     1,    28,    59,    82,    57,   134,   253,    32,   231,   144,   158,   165,    36,     0,    81,   167,   208,   204,    24,   118,   228,   127,     0,   131,   123,   175,    53,     0,   237,   120,   222,   113,    27,   164,   226,    91,    98,    71,   181,    24,   137,    89,   203,   138,    51,    86),
   (   63,   155,    77,    25,   207,   198,   197,    75,   142,   219,   191,     0,   145,    70,   209,   151,   198,   222,    59,    26,   225,    66,     0,   109,    52,     0,   101,    64,   186,   151,   149,    99,   234,     0,   173,    32,   181,    21,    26,   148,     0,    10,   222,    69,   165,   213,    47,   189,   140,     0,    72,     0,   145,   129,     0,    51,     0,    33,    53,   204,   114,    64,    21,    79,    22,    63,   182,    88,   152,   120,    24,   191,   162,   171,   253,   137,    77,     0,    29,   231,   245,    38,   178,     8,   148,   218,    58,     1,     0,     0,   207,   140,    62,     0,   133,   235,   126,   180,   225,   214,   169,   220,     0,   101,   195,    18,    56,     0,    43,   171,   220,   153,    51,   200,    43,   115,    93,    80,    35,    60,     0,   159,   167,   107,    54,     0,   143,   236),
   (   36,    57,   142,   213,    77,   105,   108,   202,    52,   135,   252,   202,   155,   182,     0,   168,     0,   152,   101,    71,   212,     0,    63,   149,    58,   240,   194,   211,   221,    84,     0,     0,    34,   245,   179,     0,    61,     2,   238,   117,    10,     0,     0,    55,   180,     1,   115,   140,   185,   250,   234,   200,   106,   108,     0,    30,   216,    64,   237,   246,   147,   202,    28,    40,     0,     0,   101,   176,    59,    32,   185,   190,   128,   136,   221,   179,   193,   201,    19,     0,   185,   164,   214,     2,    61,   139,   230,   156,   125,   195,   239,   118,    89,    30,   132,   195,    69,   218,    36,   209,    37,   203,   255,    50,     0,   128,   176,   211,   192,    39,    66,     0,   217,   223,   238,    27,   180,    76,   193,     0,     2,   149,   130,   141,    13,   194,   152,    28),
   (  117,    82,    46,    78,    25,    44,   132,     0,    82,   240,   233,   105,   247,   195,    93,     0,   101,     0,    10,    22,    86,   251,   223,    52,    43,   250,    94,     2,   218,   145,   165,    28,     0,   155,   181,    38,    28,   245,     0,     0,   222,     0,     0,    88,   147,   208,   239,    88,    52,     0,   221,   158,    92,    75,   110,     9,    24,   148,     0,   119,    49,    74,    53,    25,   245,   213,    74,   188,   118,    83,   118,    33,     0,   123,   216,    91,   209,    35,   111,   220,     0,    52,   137,    34,    18,     3,   118,   148,    53,   199,   145,   178,   149,   124,   213,    96,   233,   110,   193,    31,   148,    29,    78,   185,    37,   219,   105,   178,   169,   234,     0,   203,   128,    53,   147,    28,     0,   150,     2,   155,   197,   134,   176,    48,   200,    98,   221,    27),
   (  219,   173,   186,    75,    71,    17,     9,   206,   186,   214,   148,    25,   214,     0,   104,   149,    82,   223,     0,   182,     0,   157,   194,    93,   113,    79,    79,   209,    43,   214,    97,    47,     0,   212,   128,    74,     2,   211,   248,   204,    69,    55,    88,     0,   139,    63,   143,   170,   133,   160,   149,   178,   110,    30,   122,   223,     9,    57,   100,   124,   254,    72,   182,   143,    74,   157,    13,   158,     0,   202,   178,   202,     0,   233,   237,   172,   159,    77,    67,    34,   150,   197,    72,   140,    57,   255,   207,    15,   237,   202,   205,     0,    78,   241,   210,   185,   152,   115,   117,   121,   199,   106,    68,   149,    46,   113,    14,   248,    55,     0,     0,    99,   225,    47,   156,   127,   239,   112,    19,   231,    69,    88,   152,    46,     0,     0,   218,   148),
