  type t_2d_a is array(0 to 15, 0 to 15) of integer range 0 to 255;
  constant input_key : t_2d_a :=
  ((    0,   219,   225,    92,    70,   203,    93,   132,     0,   136,   174,    32,    44,     0,    58,     0),
   (  219,     0,   158,     0,    13,   101,   212,     0,   225,    34,    66,   122,    22,   195,     0,     2),
   (  225,   158,     0,   253,     0,   160,   127,     0,   193,     0,     0,   172,   212,   211,   166,   248),
   (   92,     0,   253,     0,     0,   169,   103,    94,   181,   114,   250,    84,   251,   247,    28,   136),
   (   70,    13,     0,     0,     0,   218,     0,    63,     0,     0,    52,    23,    28,     0,     0,     0),
   (  203,   101,   160,   169,   218,     0,     0,   185,     0,   111,    37,   152,   141,     0,    70,   113),
   (   93,   212,   127,   103,     0,     0,     0,    86,    20,     0,    94,    93,    83,    86,    62,   191),
   (  132,     0,     0,    94,    63,   185,    86,     0,   155,    33,   254,   248,   160,   170,   111,     0),
   (    0,   225,   193,   181,     0,     0,    20,   155,     0,     0,   173,    66,     6,   199,    59,   154),
   (  136,    34,     0,   114,     0,   111,     0,    33,     0,     0,    22,   211,     6,     0,     0,     0),
   (  174,    66,     0,   250,    52,    37,    94,   254,   173,    22,     0,     0,   245,   241,     0,   183),
   (   32,   122,   172,    84,    23,   152,    93,   248,    66,   211,     0,     0,    29,   108,     0,     0),
   (   44,    22,   212,   251,    28,   141,    83,   160,     6,     6,   245,    29,     0,    92,   189,     0),
   (    0,   195,   211,   247,     0,     0,    86,   170,   199,     0,   241,   108,    92,     0,     1,   175),
   (   58,     0,   166,    28,     0,    70,    62,   111,    59,     0,     0,     0,   189,     1,     0,   217),
   (    0,     2,   248,   136,     0,   113,   191,     0,   154,     0,   183,     0,     0,   175,   217,     0));
   
  type key is array(0 to 15) of integer;
  constant answer_key : key :=
  ( 0, 786498, 393413, 917590, 720951, 655469, 524358, 589907, 786482, 786482, 589896, 32, 44, 917563, 58, 65604 );
