  type t_2d_a is array(0 to 15, 0 to 15) of integer range 0 to 255;
  constant input_key : t_2d_a :=
  ((    0,    92,   202,    46,     0,     0,   159,   239,     0,    70,   219,    37,     0,     0,     0,     0),
   (   92,     0,     0,     0,   253,     0,   119,     0,   226,     0,    16,    89,    82,     0,     0,   157),
   (  202,     0,     0,    81,     0,     0,    58,     0,     0,     0,     0,     0,   150,   190,     0,     0),
   (   46,     0,    81,     0,     0,   208,     8,     0,    95,   127,   239,    46,    61,     0,    90,    96),
   (    0,   253,     0,     0,     0,   244,     0,   124,     0,     0,    27,     0,   126,     0,     0,     0),
   (    0,     0,     0,   208,   244,     0,     0,    32,     0,     0,   170,   110,   121,     0,     0,    95),
   (  159,   119,    58,     8,     0,     0,     0,     5,    88,     0,     0,   194,    31,   182,     0,     0),
   (  239,     0,     0,     0,   124,    32,     5,     0,     0,    98,   156,   165,    17,    91,    82,     0),
   (    0,   226,     0,    95,     0,     0,    88,     0,     0,     0,     0,   235,    26,   172,   213,    53),
   (   70,     0,     0,   127,     0,     0,     0,    98,     0,     0,    98,     0,   164,     0,     0,     0),
   (  219,    16,     0,   239,    27,   170,     0,   156,     0,    98,     0,     0,     0,   204,     0,   128),
   (   37,    89,     0,    46,     0,   110,   194,   165,   235,     0,     0,     0,    86,    60,     0,     0),
   (    0,    82,   150,    61,   126,   121,    31,    17,    26,   164,     0,    86,     0,   105,   213,     0),
   (    0,     0,   190,     0,     0,     0,   182,    91,   172,     0,   204,    60,   105,     0,   114,   213),
   (    0,     0,     0,    90,     0,     0,     0,    82,   213,     0,     0,     0,   213,   114,     0,   124),
   (    0,   157,     0,    96,     0,    95,     0,     0,    53,     0,   128,     0,     0,   213,   124,     0));
   
  type list is array(0 to 63) of integer;
  constant edge_list : list :=
  ( 348, 714, 814, 2031, 2853, 17661, 18039, 18658, 18960, 19289, 20381, 33617, 34362, 35990, 36286, 50640, 50696, 52826, 53088, 67060, 67452, 68734, 84650, 84846, 85855, 98463, 100101, 101314, 101814, 116000, 117404, 117669, 117777, 118107, 118354, 131935, 132696, 134170, 147526, 148351, 149346, 150114, 164059, 164847, 164891, 181038, 182507, 183382, 183612, 196946, 197437, 198009, 198175, 199076, 200041, 200405, 215212, 215756, 216690, 217045, 231637, 247861, 248448, 249468 );

  type key is array(0 to 15) of integer;
  constant answer_key : key :=
  ( 0, 92, 393328, 46, 655495, 458843, 196662, 393275, 786534, 70, 65644, 37, 458828, 720993, 196744, 196750 );
