  type t_2d_a is array(0 to 15, 0 to 15) of integer range 0 to 255;
  constant input_key : t_2d_a :=
  ((    0,   156,   147,   169,     4,    35,   173,   124,   242,   165,   237,     6,   171,     0,   237,   116),
   (  156,     0,    18,   196,   235,   146,   140,   231,   161,   100,   247,   225,   224,   130,     0,   127),
   (  147,    18,     0,    21,     0,   181,    35,    92,    14,   142,    12,    60,   234,    36,   191,    17),
   (  169,   196,    21,     0,   134,   170,   176,   114,    64,   144,   187,   131,   211,   133,   128,   250),
   (    4,   235,     0,   134,     0,   235,     9,     5,   160,     0,     9,    35,    91,   168,     0,   174),
   (   35,   146,   181,   170,   235,     0,    54,   178,    35,   120,   119,    95,   178,   182,   202,   207),
   (  173,   140,    35,   176,     9,    54,     0,   227,   169,   183,   224,   130,   229,   108,   132,   138),
   (  124,   231,    92,   114,     5,   178,   227,     0,   195,    24,    86,   155,   181,   226,   224,   227),
   (  242,   161,    14,    64,   160,    35,   169,   195,     0,   246,   243,    40,   241,   172,   169,     6),
   (  165,   100,   142,   144,     0,   120,   183,    24,   246,     0,    51,   246,    81,   246,    13,   113),
   (  237,   247,    12,   187,     9,   119,   224,    86,   243,    51,     0,   127,    71,    90,   206,   125),
   (    6,   225,    60,   131,    35,    95,   130,   155,    40,   246,   127,     0,   135,   244,   132,   245),
   (  171,   224,   234,   211,    91,   178,   229,   181,   241,    81,    71,   135,     0,   138,   233,   223),
   (    0,   130,    36,   133,   168,   182,   108,   226,   172,   246,    90,   244,   138,     0,    76,   160),
   (  237,     0,   191,   128,     0,   202,   132,   224,   169,    13,   206,   132,   233,    76,     0,   143),
   (  116,   127,    17,   250,   174,   207,   138,   227,     6,   113,   125,   245,   223,   160,   143,     0));
   
  type list is array(0 to 114) of integer;
  constant edge_list : list :=
  ( 412, 659, 937, 1028, 1315, 1916, 2290, 2822, 3243, 3956, 16914, 17348, 17643, 17810, 18060, 18407, 18593, 18788, 19191, 19425, 20351, 33557, 34229, 34339, 34652, 35340, 35644, 36074, 36132, 36543, 36625, 50310, 50602, 50864, 51058, 52864, 53242, 67051, 67081, 67333, 67744, 68699, 69550, 84599, 84831, 85430, 85967, 98477, 99638, 100323, 101250, 101740, 102020, 116146, 117334, 117659, 117941, 118242, 118496, 118755, 131598, 131904, 132387, 132777, 133059, 134385, 147621, 148110, 148368, 148856, 149175, 149272, 149750, 150067, 150518, 151409, 164077, 164795, 164873, 165600, 166131, 166783, 166983, 167630, 181123, 181283, 182312, 183431, 183796, 183940, 197088, 197587, 198066, 198373, 198993, 200074, 200425, 200671, 213378, 213893, 214184, 215212, 215542, 215642, 216652, 216992, 229613, 230858, 231593, 231693, 247434, 247814, 248445, 248821, 249487 );

  type key is array(0 to 15) of integer;
  constant answer_key : key :=
  ( 0, 131115, 655385, 131118, 4, 35, 262157, 262153, 131111, 458785, 262157, 6, 655444, 131133, 589870, 131114 );
