  type t_2d_a is array(0 to 31, 0 to 31) of integer range 0 to 255;
  constant input_key : t_2d_a :=
  ((    0,   157,    16,    38,    68,   171,   243,   234,   231,   130,   169,    91,     0,   179,   180,   191,     2,   223,   190,   101,   130,   131,   231,    37,   163,   222,     0,   169,   214,   119,   145,   189),
   (  157,     0,   223,     0,    68,   144,    75,   253,     2,   194,     5,    51,    86,   141,   226,   255,   152,   216,   110,    20,   154,   215,    21,    67,   169,   216,   194,   222,   112,   166,   213,   246),
   (   16,   223,     0,   205,   134,   230,    88,   211,    99,   240,    53,    74,    50,   212,     9,    27,   159,    68,   139,     2,    71,   130,   143,   158,   207,    13,   131,   129,   132,     0,   112,    85),
   (   38,     0,   205,     0,   177,   250,   226,    90,    85,   218,    98,     1,   161,    12,   131,   206,   126,     1,   172,   168,   209,    18,     7,   237,    59,   182,    51,     0,    59,    55,   237,    41),
   (   68,    68,   134,   177,     0,    39,    82,   190,   209,   146,    56,   101,    24,     9,     0,    99,   153,   187,   161,    91,    66,   220,   100,    39,   138,    23,    77,   229,    93,   178,     0,    87),
   (  171,   144,   230,   250,    39,     0,     0,     0,     0,   112,   228,   127,   141,     9,     9,    25,   210,   175,    95,   224,     1,   140,    29,     0,    73,   167,   177,    95,    84,   154,    67,    72),
   (  243,    75,    88,   226,    82,     0,     0,    16,   173,   192,    76,    50,    56,   134,   192,   124,   209,    98,    80,    39,    73,   207,   184,   124,    30,   245,    82,   102,     3,    88,    22,    99),
   (  234,   253,   211,    90,   190,     0,    16,     0,   223,   134,   140,   128,    22,    73,   153,    94,    38,   227,    15,   130,    99,    96,   174,    86,   240,   157,   228,   121,   119,   125,   220,   170),
   (  231,     2,    99,    85,   209,     0,   173,   223,     0,   119,    10,    82,   209,   156,   124,    42,   215,     0,    83,     0,   235,    12,   237,   245,    45,   203,   166,   179,   158,   115,   255,   246),
   (  130,   194,   240,   218,   146,   112,   192,   134,   119,     0,   199,     0,     0,   232,   235,    43,    47,   223,     3,    46,   141,   144,     0,   240,    48,    33,   137,    18,     0,     0,   152,   172),
   (  169,     5,    53,    98,    56,   228,    76,   140,    10,   199,     0,   177,   183,   113,    87,     6,   144,   222,    25,   226,   215,   220,     0,    75,   100,     4,    78,    58,   120,   190,    35,   147),
   (   91,    51,    74,     1,   101,   127,    50,   128,    82,     0,   177,     0,   241,    11,   202,   142,   252,    41,     0,    87,   131,    43,   113,    17,   236,     3,    22,    11,    26,   207,   125,   245),
   (    0,    86,    50,   161,    24,   141,    56,    22,   209,     0,   183,   241,     0,     0,   146,   189,   150,    29,    84,     0,    70,   221,     8,   138,   199,    39,   221,    70,   201,   201,     0,   141),
   (  179,   141,   212,    12,     9,     9,   134,    73,   156,   232,   113,    11,     0,     0,    84,   255,    57,   192,   106,   205,    77,     7,    29,    51,    69,   163,   235,     0,   161,    10,   205,     0),
   (  180,   226,     9,   131,     0,     9,   192,   153,   124,   235,    87,   202,   146,    84,     0,   255,    90,   165,   218,    63,     6,    66,    22,   236,   210,    26,    68,   252,   210,   226,    77,   107),
   (  191,   255,    27,   206,    99,    25,   124,    94,    42,    43,     6,   142,   189,   255,   255,     0,    54,   150,    91,    34,    26,   156,   181,    57,   150,    11,   102,   188,    23,    24,   255,   191),
   (    2,   152,   159,   126,   153,   210,   209,    38,   215,    47,   144,   252,   150,    57,    90,    54,     0,   126,   251,     0,    86,    37,    98,    30,     0,   122,   252,   242,    30,   112,   149,   148),
   (  223,   216,    68,     1,   187,   175,    98,   227,     0,   223,   222,    41,    29,   192,   165,   150,   126,     0,    86,   165,   137,    63,    71,   102,   113,    94,     0,   152,   209,    34,   100,   162),
   (  190,   110,   139,   172,   161,    95,    80,    15,    83,     3,    25,     0,    84,   106,   218,    91,   251,    86,     0,   203,    72,   247,     0,   198,    92,   211,   232,   189,   192,   140,   109,   107),
   (  101,    20,     2,   168,    91,   224,    39,   130,     0,    46,   226,    87,     0,   205,    63,    34,     0,   165,   203,     0,    98,    81,    48,   239,   134,   207,     0,   130,   247,    99,   210,   157),
   (  130,   154,    71,   209,    66,     1,    73,    99,   235,   141,   215,   131,    70,    77,     6,    26,    86,   137,    72,    98,     0,   189,    35,    99,   111,   149,   134,   137,     5,   215,    20,   144),
   (  131,   215,   130,    18,   220,   140,   207,    96,    12,   144,   220,    43,   221,     7,    66,   156,    37,    63,   247,    81,   189,     0,   132,    70,   191,   245,    86,   114,     0,   123,   152,    12),
   (  231,    21,   143,     7,   100,    29,   184,   174,   237,     0,     0,   113,     8,    29,    22,   181,    98,    71,     0,    48,    35,   132,     0,    67,     0,   155,   235,     0,   129,   135,     8,   218),
   (   37,    67,   158,   237,    39,     0,   124,    86,   245,   240,    75,    17,   138,    51,   236,    57,    30,   102,   198,   239,    99,    70,    67,     0,   110,   231,   177,   231,   123,   240,   208,   221),
   (  163,   169,   207,    59,   138,    73,    30,   240,    45,    48,   100,   236,   199,    69,   210,   150,     0,   113,    92,   134,   111,   191,     0,   110,     0,     0,   112,    72,   103,   182,    21,   211),
   (  222,   216,    13,   182,    23,   167,   245,   157,   203,    33,     4,     3,    39,   163,    26,    11,   122,    94,   211,   207,   149,   245,   155,   231,     0,     0,    45,   135,   131,    83,    65,    51),
   (    0,   194,   131,    51,    77,   177,    82,   228,   166,   137,    78,    22,   221,   235,    68,   102,   252,     0,   232,     0,   134,    86,   235,   177,   112,    45,     0,    85,   240,   216,   129,    77),
   (  169,   222,   129,     0,   229,    95,   102,   121,   179,    18,    58,    11,    70,     0,   252,   188,   242,   152,   189,   130,   137,   114,     0,   231,    72,   135,    85,     0,    17,    23,     0,   168),
   (  214,   112,   132,    59,    93,    84,     3,   119,   158,     0,   120,    26,   201,   161,   210,    23,    30,   209,   192,   247,     5,     0,   129,   123,   103,   131,   240,    17,     0,   250,   207,    63),
   (  119,   166,     0,    55,   178,   154,    88,   125,   115,     0,   190,   207,   201,    10,   226,    24,   112,    34,   140,    99,   215,   123,   135,   240,   182,    83,   216,    23,   250,     0,    14,     2),
   (  145,   213,   112,   237,     0,    67,    22,   220,   255,   152,    35,   125,     0,   205,    77,   255,   149,   100,   109,   210,    20,   152,     8,   208,    21,    65,   129,     0,   207,    14,     0,   179),
   (  189,   246,    85,    41,    87,    72,    99,   170,   246,   172,   147,   245,   141,     0,   107,   191,   148,   162,   107,   157,   144,    12,   218,   221,   211,    51,    77,   168,    63,     2,   179,     0));
   
  type key is array(0 to 31) of integer;
  constant answer_key : key :=
  ( 0, 1245222, 16, 720929, 852018, 1310752, 1835043, 1048616, 65576, 1048625, 1638433, 1638432, 1441840, 327721, 131097, 655399, 2, 196642, 589876, 131090, 917535, 1048615, 196648, 1048608, 393281, 131101, 720950, 720939, 1048608, 852019, 1441840, 1376307 );
