  type t_2d_a is array(0 to 31, 0 to 31) of integer range 0 to 255;
  constant input_key : t_2d_a :=
  ((    0,   157,    16,    38,    68,   171,   243,   234,   231,   130,   169,    91,     0,   179,   180,   191,     2,   223,   190,   101,   130,   131,   231,    37,   163,   222,     0,   169,   214,   119,   145,   189),
   (  157,     0,   223,     0,    68,   144,    75,   253,     2,   194,     5,    51,    86,   141,   226,   255,   152,   216,   110,    20,   154,   215,    21,    67,   169,   216,   194,   222,   112,   166,   213,   246),
   (   16,   223,     0,   205,   134,   230,    88,   211,    99,   240,    53,    74,    50,   212,     9,    27,   159,    68,   139,     2,    71,   130,   143,   158,   207,    13,   131,   129,   132,     0,   112,    85),
   (   38,     0,   205,     0,   177,   250,   226,    90,    85,   218,    98,     1,   161,    12,   131,   206,   126,     1,   172,   168,   209,    18,     7,   237,    59,   182,    51,     0,    59,    55,   237,    41),
   (   68,    68,   134,   177,     0,    39,    82,   190,   209,   146,    56,   101,    24,     9,     0,    99,   153,   187,   161,    91,    66,   220,   100,    39,   138,    23,    77,   229,    93,   178,     0,    87),
   (  171,   144,   230,   250,    39,     0,     0,     0,     0,   112,   228,   127,   141,     9,     9,    25,   210,   175,    95,   224,     1,   140,    29,     0,    73,   167,   177,    95,    84,   154,    67,    72),
   (  243,    75,    88,   226,    82,     0,     0,    16,   173,   192,    76,    50,    56,   134,   192,   124,   209,    98,    80,    39,    73,   207,   184,   124,    30,   245,    82,   102,     3,    88,    22,    99),
   (  234,   253,   211,    90,   190,     0,    16,     0,   223,   134,   140,   128,    22,    73,   153,    94,    38,   227,    15,   130,    99,    96,   174,    86,   240,   157,   228,   121,   119,   125,   220,   170),
   (  231,     2,    99,    85,   209,     0,   173,   223,     0,   119,    10,    82,   209,   156,   124,    42,   215,     0,    83,     0,   235,    12,   237,   245,    45,   203,   166,   179,   158,   115,   255,   246),
   (  130,   194,   240,   218,   146,   112,   192,   134,   119,     0,   199,     0,     0,   232,   235,    43,    47,   223,     3,    46,   141,   144,     0,   240,    48,    33,   137,    18,     0,     0,   152,   172),
   (  169,     5,    53,    98,    56,   228,    76,   140,    10,   199,     0,   177,   183,   113,    87,     6,   144,   222,    25,   226,   215,   220,     0,    75,   100,     4,    78,    58,   120,   190,    35,   147),
   (   91,    51,    74,     1,   101,   127,    50,   128,    82,     0,   177,     0,   241,    11,   202,   142,   252,    41,     0,    87,   131,    43,   113,    17,   236,     3,    22,    11,    26,   207,   125,   245),
   (    0,    86,    50,   161,    24,   141,    56,    22,   209,     0,   183,   241,     0,     0,   146,   189,   150,    29,    84,     0,    70,   221,     8,   138,   199,    39,   221,    70,   201,   201,     0,   141),
   (  179,   141,   212,    12,     9,     9,   134,    73,   156,   232,   113,    11,     0,     0,    84,   255,    57,   192,   106,   205,    77,     7,    29,    51,    69,   163,   235,     0,   161,    10,   205,     0),
   (  180,   226,     9,   131,     0,     9,   192,   153,   124,   235,    87,   202,   146,    84,     0,   255,    90,   165,   218,    63,     6,    66,    22,   236,   210,    26,    68,   252,   210,   226,    77,   107),
   (  191,   255,    27,   206,    99,    25,   124,    94,    42,    43,     6,   142,   189,   255,   255,     0,    54,   150,    91,    34,    26,   156,   181,    57,   150,    11,   102,   188,    23,    24,   255,   191),
   (    2,   152,   159,   126,   153,   210,   209,    38,   215,    47,   144,   252,   150,    57,    90,    54,     0,   126,   251,     0,    86,    37,    98,    30,     0,   122,   252,   242,    30,   112,   149,   148),
   (  223,   216,    68,     1,   187,   175,    98,   227,     0,   223,   222,    41,    29,   192,   165,   150,   126,     0,    86,   165,   137,    63,    71,   102,   113,    94,     0,   152,   209,    34,   100,   162),
   (  190,   110,   139,   172,   161,    95,    80,    15,    83,     3,    25,     0,    84,   106,   218,    91,   251,    86,     0,   203,    72,   247,     0,   198,    92,   211,   232,   189,   192,   140,   109,   107),
   (  101,    20,     2,   168,    91,   224,    39,   130,     0,    46,   226,    87,     0,   205,    63,    34,     0,   165,   203,     0,    98,    81,    48,   239,   134,   207,     0,   130,   247,    99,   210,   157),
   (  130,   154,    71,   209,    66,     1,    73,    99,   235,   141,   215,   131,    70,    77,     6,    26,    86,   137,    72,    98,     0,   189,    35,    99,   111,   149,   134,   137,     5,   215,    20,   144),
   (  131,   215,   130,    18,   220,   140,   207,    96,    12,   144,   220,    43,   221,     7,    66,   156,    37,    63,   247,    81,   189,     0,   132,    70,   191,   245,    86,   114,     0,   123,   152,    12),
   (  231,    21,   143,     7,   100,    29,   184,   174,   237,     0,     0,   113,     8,    29,    22,   181,    98,    71,     0,    48,    35,   132,     0,    67,     0,   155,   235,     0,   129,   135,     8,   218),
   (   37,    67,   158,   237,    39,     0,   124,    86,   245,   240,    75,    17,   138,    51,   236,    57,    30,   102,   198,   239,    99,    70,    67,     0,   110,   231,   177,   231,   123,   240,   208,   221),
   (  163,   169,   207,    59,   138,    73,    30,   240,    45,    48,   100,   236,   199,    69,   210,   150,     0,   113,    92,   134,   111,   191,     0,   110,     0,     0,   112,    72,   103,   182,    21,   211),
   (  222,   216,    13,   182,    23,   167,   245,   157,   203,    33,     4,     3,    39,   163,    26,    11,   122,    94,   211,   207,   149,   245,   155,   231,     0,     0,    45,   135,   131,    83,    65,    51),
   (    0,   194,   131,    51,    77,   177,    82,   228,   166,   137,    78,    22,   221,   235,    68,   102,   252,     0,   232,     0,   134,    86,   235,   177,   112,    45,     0,    85,   240,   216,   129,    77),
   (  169,   222,   129,     0,   229,    95,   102,   121,   179,    18,    58,    11,    70,     0,   252,   188,   242,   152,   189,   130,   137,   114,     0,   231,    72,   135,    85,     0,    17,    23,     0,   168),
   (  214,   112,   132,    59,    93,    84,     3,   119,   158,     0,   120,    26,   201,   161,   210,    23,    30,   209,   192,   247,     5,     0,   129,   123,   103,   131,   240,    17,     0,   250,   207,    63),
   (  119,   166,     0,    55,   178,   154,    88,   125,   115,     0,   190,   207,   201,    10,   226,    24,   112,    34,   140,    99,   215,   123,   135,   240,   182,    83,   216,    23,   250,     0,    14,     2),
   (  145,   213,   112,   237,     0,    67,    22,   220,   255,   152,    35,   125,     0,   205,    77,   255,   149,   100,   109,   210,    20,   152,     8,   208,    21,    65,   129,     0,   207,    14,     0,   179),
   (  189,   246,    85,    41,    87,    72,    99,   170,   246,   172,   147,   245,   141,     0,   107,   191,   148,   162,   107,   157,   144,    12,   218,   221,   211,    51,    77,   168,    63,     2,   179,     0));
   
  type list is array(0 to 460) of integer;
  constant edge_list : list :=
  ( 528, 806, 1092, 1451, 2026, 2279, 2907, 3507, 3764, 4098, 5507, 5863, 6307, 6622, 7081, 7543, 7825, 8125, 16541, 17119, 17476, 17808, 17995, 18882, 18949, 19251, 20194, 20632, 21102, 21658, 23664, 24277, 33926, 34278, 34392, 34771, 34915, 35658, 35890, 36635, 37188, 37634, 37959, 38274, 38814, 39555, 39809, 40560, 40789, 49869, 50353, 50682, 50914, 51034, 51674, 52385, 52492, 53198, 53374, 53505, 53932, 54184, 54481, 55277, 55355, 55734, 56379, 56631, 57069, 57129, 67154, 67518, 67793, 68152, 68632, 69475, 69785, 70491, 70722, 71132, 71268, 71463, 71959, 72269, 73138, 73559, 82983, 84863, 85133, 85257, 85513, 85785, 87041, 87436, 88487, 88753, 88927, 89498, 89928, 98547, 100112, 100940, 101170, 102609, 103207, 103887, 104120, 104949, 105318, 105475, 105816, 106006, 115197, 116959, 117388, 117782, 118622, 119267, 119311, 119907, 120160, 121572, 122237, 122588, 131330, 131925, 132781, 133642, 134353, 134954, 136460, 137261, 137675, 138611, 139007, 147586, 148208, 148626, 148848, 149184, 149382, 149623, 151016, 151339, 151599, 152031, 152717, 153584, 153889, 154249, 154386, 164009, 164405, 164706, 165348, 166343, 166833, 167095, 167281, 167511, 167686, 168080, 169436, 170084, 170810, 180993, 181349, 182144, 182354, 183563, 184572, 184617, 185175, 185475, 185969, 186129, 186627, 186902, 187147, 187418, 187855, 188029, 188405, 196950, 198200, 199665, 200637, 201300, 202205, 202248, 202951, 203485, 203590, 203977, 204233, 213389, 213716, 214025, 214662, 214857, 215196, 217706, 218653, 220321, 220426, 220877, 229897, 230275, 231104, 231321, 231548, 231915, 232394, 232594, 232788, 233471, 234502, 234818, 235030, 235500, 235802, 236100, 236540, 236754, 237026, 237133, 245951, 246271, 247420, 248718, 249343, 250262, 250906, 251573, 251705, 252054, 252171, 252518, 262815, 263634, 263974, 264407, 265366, 265529, 265818, 266038, 267350, 267557, 268062, 269680, 278751, 279000, 279739, 279983, 280162, 281310, 281629, 282048, 282277, 282750, 283222, 283557, 283967, 284231, 284518, 285022, 285592, 285986, 286308, 295102, 295563, 296097, 296287, 296528, 297043, 297219, 297497, 298714, 298843, 299259, 300535, 302272, 302701, 311397, 311572, 312800, 313218, 313646, 314082, 314829, 314943, 315170, 316107, 316514, 316753, 316976, 317423, 317903, 318338, 318819, 319186, 319389, 327810, 329289, 329963, 330455, 330822, 331085, 332169, 332360, 333245, 333347, 333667, 333935, 334229, 334853, 335760, 344535, 344850, 346512, 346923, 347399, 348060, 349828, 350399, 350709, 351611, 351896, 360725, 361103, 361223, 361757, 362414, 362733, 364642, 367003, 367339, 368007, 376869, 377155, 378492, 378710, 379125, 379467, 380042, 380211, 381638, 382278, 382531, 383086, 383665, 384123, 384989, 393641, 393935, 394378, 394569, 394782, 395248, 395568, 396268, 396613, 397010, 397681, 397916, 398214, 399984, 400917, 401363, 410072, 410125, 411549, 412164, 412711, 413091, 413818, 414419, 415719, 416647, 417107, 417587, 426434, 426803, 427602, 428198, 428622, 429547, 430332, 430824, 431238, 431446, 432429, 433392, 433624, 433997, 442846, 443621, 444281, 444595, 446396, 446706, 447165, 447625, 447858, 448487, 448584, 449109, 449815, 458966, 459396, 459869, 460116, 460663, 460958, 461432, 462615, 462878, 463313, 463863, 464513, 464999, 465283, 465681, 466751, 475558, 477886, 479000, 479884, 480471, 481264, 481462, 482554, 492867, 493976, 494115, 495615, 495765, 496660, 497160, 497616, 497985, 498305, 498895, 498958, 508406, 509539, 509866, 510198, 510380, 510611, 511117, 511595, 511935, 512148, 512418, 512619, 513292, 513754, 514984, 515330, 515763 );

  type key is array(0 to 31) of integer;
  constant answer_key : key :=
  ( 0, 1245222, 16, 720929, 852018, 1310752, 1835043, 1048616, 65576, 1048625, 1638433, 1638432, 1441840, 327721, 131097, 655399, 2, 196642, 589876, 131090, 917535, 1048615, 196648, 1048608, 393281, 131101, 720950, 720939, 1048608, 852019, 1441840, 1376307 );
