  type t_2d_a is array(0 to 31, 0 to 31) of integer range 0 to 255;
  constant input_key : t_2d_a :=
  ((    0,   151,   229,   132,   169,    75,     0,   235,   137,   198,   166,   215,     0,     0,    45,   129,   228,    93,   218,    79,   182,   103,    22,     0,   137,    73,     0,   121,     1,     0,    39,    57),
   (  151,     0,   250,     0,   246,    77,    83,   248,   186,    40,   110,    46,    73,     0,     0,   185,     0,   107,   203,    47,   117,   255,     4,   197,    87,     0,     0,     0,   138,   193,   117,    64),
   (  229,   250,     0,   115,    96,     0,   126,    39,     0,   210,     6,   204,     1,   145,     0,   121,    98,     0,     0,   143,    97,   102,   245,    83,   100,    93,   194,    30,     0,     0,   223,   125),
   (  132,     0,   115,     0,    93,   118,   246,     0,    66,   143,    64,   191,   177,   200,     0,     0,   180,   195,   148,    92,   129,   119,     7,    39,    18,   173,    15,     0,     0,   175,    66,    54),
   (  169,   246,    96,    93,     0,   202,    86,   233,     0,     0,   153,   183,   116,   172,     0,   203,    63,     0,     0,   171,     0,   134,   207,   219,   188,   120,   183,    77,    63,   160,     0,   228),
   (   75,    77,     0,   118,   202,     0,     0,     0,     0,     0,     0,   142,   167,    88,     0,    69,   100,     5,   160,   123,   111,     0,     0,     0,    98,   178,    18,     0,    48,   106,    65,     0),
   (    0,    83,   126,   246,    86,     0,     0,   224,     0,   221,   181,    60,     0,     0,   138,     0,   146,    19,   124,     0,    95,   169,   128,    25,    99,     0,   238,   218,    85,   114,    32,     0),
   (  235,   248,    39,     0,   233,     0,   224,     0,    57,   195,   185,    47,    63,    75,    34,   183,   113,     8,   252,     8,     0,   228,     0,   185,   111,     0,     0,    10,    35,    19,   236,   226),
   (  137,   186,     0,    66,     0,     0,     0,    57,     0,     0,     3,    63,   217,   206,     0,   216,     0,     0,     0,     0,   130,   202,   153,   240,    44,     4,    29,   132,     0,     0,    47,   137),
   (  198,    40,   210,   143,     0,     0,   221,   195,     0,     0,     0,     0,     0,     0,     3,     7,     0,   170,     0,     0,   150,    61,     0,    40,    20,    54,   154,   128,     0,     0,     0,     0),
   (  166,   110,     6,    64,   153,     0,   181,   185,     3,     0,     0,   237,   143,   230,   254,    12,     0,   147,    51,   167,     0,    22,     0,   201,     0,     0,     0,   141,   189,   122,     0,     0),
   (  215,    46,   204,   191,   183,   142,    60,    47,    63,     0,   237,     0,   212,     0,     0,   183,     0,     0,     0,   141,    50,    16,    75,   253,   233,   133,     0,   246,   190,   235,   121,   170),
   (    0,    73,     1,   177,   116,   167,     0,    63,   217,     0,   143,   212,     0,     0,     0,   220,    27,   117,    62,     0,    63,    96,     0,     0,     0,     0,   241,   194,   235,   157,     0,     7),
   (    0,     0,   145,   200,   172,    88,     0,    75,   206,     0,   230,     0,     0,     0,    77,   156,    82,    49,   113,   237,   187,    29,    23,   185,   214,   253,   109,     0,     0,    90,   210,     0),
   (   45,     0,     0,     0,     0,     0,   138,    34,     0,     3,   254,     0,     0,    77,     0,    61,   246,    80,    85,   229,   219,    90,     0,     0,   236,   143,   245,   176,    13,    42,   132,     0),
   (  129,   185,   121,     0,   203,    69,     0,   183,   216,     7,    12,   183,   220,   156,    61,     0,     8,    30,   177,   224,     0,   127,   229,    45,     0,   116,     0,     0,   103,     0,    91,    66),
   (  228,     0,    98,   180,    63,   100,   146,   113,     0,     0,     0,     0,    27,    82,   246,     8,     0,    69,   128,     0,   253,    79,   194,   100,     0,   121,   204,   142,   165,   123,   179,     0),
   (   93,   107,     0,   195,     0,     5,    19,     8,     0,   170,   147,     0,   117,    49,    80,    30,    69,     0,     0,   192,    99,     1,     0,   109,     0,   201,     0,     0,   188,    21,   255,    95),
   (  218,   203,     0,   148,     0,   160,   124,   252,     0,     0,    51,     0,    62,   113,    85,   177,   128,     0,     0,    12,   235,     0,     0,     0,    51,    77,    77,     9,   213,   130,    14,   250),
   (   79,    47,   143,    92,   171,   123,     0,     8,     0,     0,   167,   141,     0,   237,   229,   224,     0,   192,    12,     0,    88,   237,   167,   194,    83,   154,     0,    19,    15,    67,   145,    74),
   (  182,   117,    97,   129,     0,   111,    95,     0,   130,   150,     0,    50,    63,   187,   219,     0,   253,    99,   235,    88,     0,    60,    29,   230,     0,   143,    79,   167,   100,   165,    17,     0),
   (  103,   255,   102,   119,   134,     0,   169,   228,   202,    61,    22,    16,    96,    29,    90,   127,    79,     1,     0,   237,    60,     0,   178,    26,     0,   136,   115,    98,     0,     0,   110,   141),
   (   22,     4,   245,     7,   207,     0,   128,     0,   153,     0,     0,    75,     0,    23,     0,   229,   194,     0,     0,   167,    29,   178,     0,     0,     0,   177,   159,     0,   240,   158,     0,   174),
   (    0,   197,    83,    39,   219,     0,    25,   185,   240,    40,   201,   253,     0,   185,     0,    45,   100,   109,     0,   194,   230,    26,     0,     0,   176,   137,   141,   253,   201,   198,     0,     0),
   (  137,    87,   100,    18,   188,    98,    99,   111,    44,    20,     0,   233,     0,   214,   236,     0,     0,     0,    51,    83,     0,     0,     0,   176,     0,     0,    96,     0,   230,    58,    88,   216),
   (   73,     0,    93,   173,   120,   178,     0,     0,     4,    54,     0,   133,     0,   253,   143,   116,   121,   201,    77,   154,   143,   136,   177,   137,     0,     0,   147,     0,     0,     9,     0,    52),
   (    0,     0,   194,    15,   183,    18,   238,     0,    29,   154,     0,     0,   241,   109,   245,     0,   204,     0,    77,     0,    79,   115,   159,   141,    96,   147,     0,     0,    94,   152,    22,    80),
   (  121,     0,    30,     0,    77,     0,   218,    10,   132,   128,   141,   246,   194,     0,   176,     0,   142,     0,     9,    19,   167,    98,     0,   253,     0,     0,     0,     0,    35,    51,     0,     0),
   (    1,   138,     0,     0,    63,    48,    85,    35,     0,     0,   189,   190,   235,     0,    13,   103,   165,   188,   213,    15,   100,     0,   240,   201,   230,     0,    94,    35,     0,   252,   103,    87),
   (    0,   193,     0,   175,   160,   106,   114,    19,     0,     0,   122,   235,   157,    90,    42,     0,   123,    21,   130,    67,   165,     0,   158,   198,    58,     9,   152,    51,   252,     0,    17,    45),
   (   39,   117,   223,    66,     0,    65,    32,   236,    47,     0,     0,   121,     0,   210,   132,    91,   179,   255,    14,   145,    17,   110,     0,     0,    88,     0,    22,     0,   103,    17,     0,   224),
   (   57,    64,   125,    54,   228,     0,     0,   226,   137,     0,     0,   170,     7,     0,     0,    66,     0,    95,   250,    74,     0,   141,   174,     0,   216,    52,    80,     0,    87,    45,   224,     0));
   
  type key is array(0 to 31) of integer;
  constant answer_key : key :=
  ( 0, 1441818, 655402, 1441821, 1835072, 1114149, 1114163, 1245208, 655399, 917521, 983076, 1376305, 131115, 1441837, 1835022, 589848, 983072, 458784, 1245212, 1835024, 1441843, 1114145, 22, 589881, 589861, 524331, 196652, 458786, 1, 458795, 39, 786482 );
