  type t_2d_a is array(0 to 31, 0 to 31) of integer range 0 to 255;
  constant input_key : t_2d_a :=
  ((    0,   151,   229,   132,   169,    75,     0,   235,   137,   198,   166,   215,     0,     0,    45,   129,   228,    93,   218,    79,   182,   103,    22,     0,   137,    73,     0,   121,     1,     0,    39,    57),
   (  151,     0,   250,     0,   246,    77,    83,   248,   186,    40,   110,    46,    73,     0,     0,   185,     0,   107,   203,    47,   117,   255,     4,   197,    87,     0,     0,     0,   138,   193,   117,    64),
   (  229,   250,     0,   115,    96,     0,   126,    39,     0,   210,     6,   204,     1,   145,     0,   121,    98,     0,     0,   143,    97,   102,   245,    83,   100,    93,   194,    30,     0,     0,   223,   125),
   (  132,     0,   115,     0,    93,   118,   246,     0,    66,   143,    64,   191,   177,   200,     0,     0,   180,   195,   148,    92,   129,   119,     7,    39,    18,   173,    15,     0,     0,   175,    66,    54),
   (  169,   246,    96,    93,     0,   202,    86,   233,     0,     0,   153,   183,   116,   172,     0,   203,    63,     0,     0,   171,     0,   134,   207,   219,   188,   120,   183,    77,    63,   160,     0,   228),
   (   75,    77,     0,   118,   202,     0,     0,     0,     0,     0,     0,   142,   167,    88,     0,    69,   100,     5,   160,   123,   111,     0,     0,     0,    98,   178,    18,     0,    48,   106,    65,     0),
   (    0,    83,   126,   246,    86,     0,     0,   224,     0,   221,   181,    60,     0,     0,   138,     0,   146,    19,   124,     0,    95,   169,   128,    25,    99,     0,   238,   218,    85,   114,    32,     0),
   (  235,   248,    39,     0,   233,     0,   224,     0,    57,   195,   185,    47,    63,    75,    34,   183,   113,     8,   252,     8,     0,   228,     0,   185,   111,     0,     0,    10,    35,    19,   236,   226),
   (  137,   186,     0,    66,     0,     0,     0,    57,     0,     0,     3,    63,   217,   206,     0,   216,     0,     0,     0,     0,   130,   202,   153,   240,    44,     4,    29,   132,     0,     0,    47,   137),
   (  198,    40,   210,   143,     0,     0,   221,   195,     0,     0,     0,     0,     0,     0,     3,     7,     0,   170,     0,     0,   150,    61,     0,    40,    20,    54,   154,   128,     0,     0,     0,     0),
   (  166,   110,     6,    64,   153,     0,   181,   185,     3,     0,     0,   237,   143,   230,   254,    12,     0,   147,    51,   167,     0,    22,     0,   201,     0,     0,     0,   141,   189,   122,     0,     0),
   (  215,    46,   204,   191,   183,   142,    60,    47,    63,     0,   237,     0,   212,     0,     0,   183,     0,     0,     0,   141,    50,    16,    75,   253,   233,   133,     0,   246,   190,   235,   121,   170),
   (    0,    73,     1,   177,   116,   167,     0,    63,   217,     0,   143,   212,     0,     0,     0,   220,    27,   117,    62,     0,    63,    96,     0,     0,     0,     0,   241,   194,   235,   157,     0,     7),
   (    0,     0,   145,   200,   172,    88,     0,    75,   206,     0,   230,     0,     0,     0,    77,   156,    82,    49,   113,   237,   187,    29,    23,   185,   214,   253,   109,     0,     0,    90,   210,     0),
   (   45,     0,     0,     0,     0,     0,   138,    34,     0,     3,   254,     0,     0,    77,     0,    61,   246,    80,    85,   229,   219,    90,     0,     0,   236,   143,   245,   176,    13,    42,   132,     0),
   (  129,   185,   121,     0,   203,    69,     0,   183,   216,     7,    12,   183,   220,   156,    61,     0,     8,    30,   177,   224,     0,   127,   229,    45,     0,   116,     0,     0,   103,     0,    91,    66),
   (  228,     0,    98,   180,    63,   100,   146,   113,     0,     0,     0,     0,    27,    82,   246,     8,     0,    69,   128,     0,   253,    79,   194,   100,     0,   121,   204,   142,   165,   123,   179,     0),
   (   93,   107,     0,   195,     0,     5,    19,     8,     0,   170,   147,     0,   117,    49,    80,    30,    69,     0,     0,   192,    99,     1,     0,   109,     0,   201,     0,     0,   188,    21,   255,    95),
   (  218,   203,     0,   148,     0,   160,   124,   252,     0,     0,    51,     0,    62,   113,    85,   177,   128,     0,     0,    12,   235,     0,     0,     0,    51,    77,    77,     9,   213,   130,    14,   250),
   (   79,    47,   143,    92,   171,   123,     0,     8,     0,     0,   167,   141,     0,   237,   229,   224,     0,   192,    12,     0,    88,   237,   167,   194,    83,   154,     0,    19,    15,    67,   145,    74),
   (  182,   117,    97,   129,     0,   111,    95,     0,   130,   150,     0,    50,    63,   187,   219,     0,   253,    99,   235,    88,     0,    60,    29,   230,     0,   143,    79,   167,   100,   165,    17,     0),
   (  103,   255,   102,   119,   134,     0,   169,   228,   202,    61,    22,    16,    96,    29,    90,   127,    79,     1,     0,   237,    60,     0,   178,    26,     0,   136,   115,    98,     0,     0,   110,   141),
   (   22,     4,   245,     7,   207,     0,   128,     0,   153,     0,     0,    75,     0,    23,     0,   229,   194,     0,     0,   167,    29,   178,     0,     0,     0,   177,   159,     0,   240,   158,     0,   174),
   (    0,   197,    83,    39,   219,     0,    25,   185,   240,    40,   201,   253,     0,   185,     0,    45,   100,   109,     0,   194,   230,    26,     0,     0,   176,   137,   141,   253,   201,   198,     0,     0),
   (  137,    87,   100,    18,   188,    98,    99,   111,    44,    20,     0,   233,     0,   214,   236,     0,     0,     0,    51,    83,     0,     0,     0,   176,     0,     0,    96,     0,   230,    58,    88,   216),
   (   73,     0,    93,   173,   120,   178,     0,     0,     4,    54,     0,   133,     0,   253,   143,   116,   121,   201,    77,   154,   143,   136,   177,   137,     0,     0,   147,     0,     0,     9,     0,    52),
   (    0,     0,   194,    15,   183,    18,   238,     0,    29,   154,     0,     0,   241,   109,   245,     0,   204,     0,    77,     0,    79,   115,   159,   141,    96,   147,     0,     0,    94,   152,    22,    80),
   (  121,     0,    30,     0,    77,     0,   218,    10,   132,   128,   141,   246,   194,     0,   176,     0,   142,     0,     9,    19,   167,    98,     0,   253,     0,     0,     0,     0,    35,    51,     0,     0),
   (    1,   138,     0,     0,    63,    48,    85,    35,     0,     0,   189,   190,   235,     0,    13,   103,   165,   188,   213,    15,   100,     0,   240,   201,   230,     0,    94,    35,     0,   252,   103,    87),
   (    0,   193,     0,   175,   160,   106,   114,    19,     0,     0,   122,   235,   157,    90,    42,     0,   123,    21,   130,    67,   165,     0,   158,   198,    58,     9,   152,    51,   252,     0,    17,    45),
   (   39,   117,   223,    66,     0,    65,    32,   236,    47,     0,     0,   121,     0,   210,   132,    91,   179,   255,    14,   145,    17,   110,     0,     0,    88,     0,    22,     0,   103,    17,     0,   224),
   (   57,    64,   125,    54,   228,     0,     0,   226,   137,     0,     0,   170,     7,     0,     0,    66,     0,    95,   250,    74,     0,   141,   174,     0,   216,    52,    80,     0,    87,    45,   224,     0));
   
  type list is array(0 to 357) of integer;
  constant edge_list : list :=
  ( 741, 900, 1193, 1355, 2027, 2185, 3031, 3629, 4324, 5479, 5654, 6281, 6473, 7033, 7719, 7993, 16535, 17146, 17654, 17741, 18003, 18728, 19054, 19246, 21195, 21621, 23690, 24181, 33888, 34430, 34599, 35788, 35841, 36729, 37775, 37985, 38246, 38739, 39618, 39710, 40671, 40829, 49779, 50269, 50550, 50934, 51599, 52401, 52680, 53428, 53699, 53908, 54108, 54401, 55079, 55314, 55725, 56751, 56898, 57142, 67158, 67561, 68249, 68724, 69579, 69695, 70571, 71046, 71375, 71643, 72056, 72375, 73120, 73700, 83146, 84878, 85159, 85336, 85829, 87151, 88498, 88594, 89450, 100320, 101045, 101180, 102546, 103849, 104064, 105434, 105557, 105842, 106016, 115192, 116793, 117433, 117823, 118711, 119048, 119548, 120292, 122131, 122604, 131514, 131906, 133635, 134361, 135128, 136650, 137260, 137476, 138799, 147654, 148178, 149213, 149443, 151303, 151978, 152726, 153384, 153910, 154266, 154496, 164006, 164358, 164672, 166893, 167055, 167398, 167678, 167692, 169238, 170893, 181183, 181431, 182063, 182335, 185229, 185394, 185931, 186365, 186757, 187382, 187582, 187883, 188025, 188330, 196937, 199636, 200668, 201278, 202080, 203505, 203714, 204011, 204189, 213649, 214188, 214859, 215246, 217713, 218647, 220506, 220882, 231050, 231202, 231683, 232781, 233277, 234715, 234842, 235919, 236277, 236464, 236557, 236842, 237188, 245889, 246201, 248759, 249244, 250142, 251621, 251693, 252276, 262754, 263524, 264049, 265243, 265554, 265974, 265992, 267517, 267599, 268132, 269691, 278621, 278891, 279813, 280083, 281235, 281717, 281905, 282192, 282693, 283584, 283905, 284525, 285129, 285973, 286463, 295130, 296352, 296572, 297523, 298581, 298929, 299136, 302293, 302606, 311375, 311599, 312699, 313096, 314023, 314861, 315109, 315360, 315916, 316504, 316909, 317095, 317378, 317850, 318227, 318787, 319121, 319306, 327862, 329311, 329858, 330815, 331195, 332131, 332523, 333116, 333341, 333798, 334223, 334948, 344575, 344951, 346429, 346896, 347421, 348031, 349874, 350600, 351854, 360708, 361205, 361223, 362649, 364738, 367025, 367263, 368030, 377285, 378393, 378809, 379120, 379593, 380345, 382234, 383152, 383629, 384201, 393559, 393828, 394428, 394594, 394851, 395119, 395540, 396265, 396758, 397036, 397875, 398163, 399968, 400984, 401368, 410205, 413181, 413817, 414285, 415625, 417033, 417588, 426767, 427758, 428061, 429421, 430284, 430669, 431183, 431475, 432531, 433246, 433560, 434000, 443469, 444170, 444548, 446606, 446985, 447655, 447842, 448509, 449843, 458753, 459839, 460080, 460579, 461501, 462695, 463013, 463292, 463631, 464624, 465126, 465699, 466775, 475585, 477818, 479874, 480421, 481222, 481338, 482556, 492865, 495451, 495795, 496657, 498198, 498791, 498961, 508224, 509922, 510089, 510983, 511810, 512351, 512762, 513421, 513710, 515373, 515808 );

  type key is array(0 to 31) of integer;
  constant answer_key : key :=
  ( 0, 1441818, 655402, 1441821, 1835072, 1114149, 1114163, 1245208, 655399, 917521, 983076, 1376305, 131115, 1441837, 1835022, 589848, 983072, 458784, 1245212, 1835024, 1441843, 1114145, 22, 589881, 589861, 524331, 196652, 458786, 1, 458795, 39, 786482 );
